[gd_scene load_steps=9 format=2]

[ext_resource path="res://script/billboard.gd" type="Script" id=1]
[ext_resource path="res://font/NotoSans-Bold.ttf" type="DynamicFontData" id=2]
[ext_resource path="res://material/red.tres" type="Material" id=3]

[sub_resource type="DynamicFont" id=1]
size = 240
font_data = ExtResource( 2 )

[sub_resource type="ViewportTexture" id=2]
viewport_path = NodePath("Viewport")

[sub_resource type="CubeMesh" id=3]
material = ExtResource( 3 )
size = Vector3( 0.2, 1.5, 0.2 )

[sub_resource type="CubeMesh" id=4]
material = ExtResource( 3 )
size = Vector3( 1.64, 1, 0.2 )

[sub_resource type="BoxShape" id=5]
extents = Vector3( 0.823032, 1, 0.39377 )

[node name="Billboard" type="Spatial"]
transform = Transform( 1, 0, 0, 0, 0.763805, 0.645447, 0, -0.645447, 0.763805, 0, 1.60384, 0.0554473 )
script = ExtResource( 1 )
font = SubResource( 1 )
color = Color( 1, 0.772549, 0, 1 )
text = "Table and\\nbaby table"

[node name="Viewport" type="Viewport" parent="."]
editor/display_folded = true
size = Vector2( 2048, 2048 )
transparent_bg = true
hdr = false
keep_3d_linear = true
render_target_v_flip = true

[node name="Label" type="Label" parent="Viewport"]
margin_right = 2048.0
margin_bottom = 2048.0
custom_fonts/font = SubResource( 1 )
custom_colors/font_color = Color( 1, 0.772549, 0, 1 )
text = "Table and
baby table"
align = 1
valign = 1
autowrap = true

[node name="Sprite3D" type="Sprite3D" parent="."]
pixel_size = 0.0009
texture = SubResource( 2 )

[node name="MeshInstance" type="MeshInstance" parent="."]
transform = Transform( 1, 0, 0, 0, 0.763805, -0.645447, 0, 0.645447, 0.763805, 0, -0.616071, -0.593199 )
mesh = SubResource( 3 )
material/0 = null

[node name="MeshInstance2" type="MeshInstance" parent="."]
transform = Transform( 1, 0, 0, 0, 1, 2.98023e-08, 0, -2.98023e-08, 1, 0, -0.0149692, -0.101743 )
mesh = SubResource( 4 )
material/0 = null

[node name="StaticBody" type="StaticBody" parent="."]
transform = Transform( 1, 0, 0, 0, 0.763807, -0.645444, 0, 0.645444, 0.763807, 0, 0, 0 )

[node name="CollisionShape" type="CollisionShape" parent="StaticBody"]
transform = Transform( 1, 0, 0, 0, 0.999999, -2.95586e-12, 0, 2.95586e-12, 0.999999, 0, -0.729999, -0.072887 )
shape = SubResource( 5 )
